5	9	1997
5	17	1997
5	6	1997
NA	9	NA
5	6	1996
NA	9	NA
5	6	1996
NA	10	NA
NA	15	NA
NA	16	NA
5	9	1996
NA	15	NA
5	12	1995
NA	17	NA
5	9	1961
NA	15	NA
5	9	1993
5	6	1993
5	9	1997
NA	18	NA
5	6	1995
5	9	1998
5	2	1997
NA	3	NA
NA	15	NA
NA	16	NA
NA	18	NA
5	9	1997
5	2	1998
NA	16	NA
NA	17	NA
5	8	1993
5	4	1995
NA	5	NA
NA	6	NA
5	16	1993
NA	17	NA
5	2	1996
NA	3	NA
NA	17	NA
5	2	1994
5	9	1997
5	15	1997
5	5	1949
NA	9	NA
5	2	1997
NA	9	NA
NA	17	NA
NA	18	NA
5	17	1994
5	9	1997
5	8	1996
3	2	1990
NA	17	NA
5	5	1994
NA	6	NA
5	17	1997
5	7	1997
NA	17	NA
5	9	1996
NA	17	NA
5	2	1995
NA	3	NA
5	6	1997
NA	9	NA
5	9	1991
5	6	1998
NA	15	NA
5	6	1995
5	17	1998
5	6	1996
NA	9	NA
5	6	1993
NA	15	NA
5	6	1998
NA	8	NA
5	6	1993
NA	9	NA
5	12	1984
5	9	1994
5	9	1994
3	2	1992
NA	9	NA
NA	15	NA
NA	18	NA
5	9	1994
5	9	1995
4	7	1981
5	6	1998
NA	7	NA
NA	9	NA
5	6	1963
NA	14	NA
NA	15	NA
NA	17	NA
5	2	1982
NA	3	NA
NA	16	NA
5	3	1995
NA	5	NA
5	6	1995
NA	9	NA
5	2	1997
NA	17	NA
5	9	1994
5	2	1975
NA	12	NA
5	5	1994
NA	6	NA
5	7	1994
5	6	1996
5	9	1996
5	7	1967
NA	9	NA
5	19	1995
5	9	1992
5	6	1994
NA	9	NA
NA	15	NA
5	7	1995
NA	17	NA
5	9	1995
5	9	1995
NA	15	NA
5	9	1996
4	9	1967
5	9	1991
5	3	1994
NA	5	NA
5	9	1997
5	6	1996
5	6	1993
NA	15	NA
5	6	1997
5	6	1995
NA	9	NA
5	16	1997
5	3	1997
NA	5	NA
NA	9	NA
5	6	1996
5	3	1993
NA	5	NA
5	9	1997
NA	15	NA
5	8	1997
5	9	1997
3	2	1990
NA	9	NA
5	6	1994
5	2	1995
NA	9	NA
NA	17	NA
5	6	1996
NA	9	NA
5	9	1994
NA	15	NA
5	6	1995
NA	9	NA
NA	15	NA
5	2	1995
NA	3	NA
NA	14	NA
NA	16	NA
5	6	1996
5	4	1996
NA	6	NA
NA	17	NA
5	2	1994
NA	3	NA
5	6	1996
5	6	1996
5	9	1996
5	8	1996
5	9	1994
NA	12	NA
5	6	1996
NA	15	NA
5	7	1997
5	9	1993
5	9	1997
5	9	1996
5	2	1994
NA	15	NA
NA	17	NA
5	9	1997
5	6	1994
5	6	1996
5	2	1997
NA	15	NA
NA	17	NA
5	16	1997
NA	17	NA
5	6	1997
5	6	1994
NA	18	NA
5	8	1996
5	6	1993
NA	15	NA
5	6	1959
NA	17	NA
5	6	1994
5	2	1997
NA	9	NA
NA	18	NA
5	2	1997
NA	17	NA
NA	18	NA
5	6	1994
5	9	1995
5	6	1997
5	9	1955
5	12	1987
NA	17	NA
5	18	1995
5	11	1946
NA	15	NA
NA	17	NA
5	9	1995
5	2	1997
NA	9	NA
NA	18	NA
5	6	1997
NA	15	NA
5	9	1997
5	8	1997
5	19	1993
5	9	1996
4	9	1971
5	12	1992
5	2	1981
NA	3	NA
5	5	1957
NA	9	NA
5	6	1995
NA	15	NA
5	15	1940
NA	17	NA
5	9	1991
NA	16	NA
5	6	1998
5	2	1995
5	7	1998
NA	9	NA
NA	14	NA
NA	17	NA
5	9	1997
4	12	1976
5	2	1997
NA	17	NA
4	6	1980
5	8	1996
5	9	1989
5	13	1996
5	4	1995
NA	5	NA
5	9	1993
5	9	1991
NA	17	NA
5	9	1995
5	12	1996
5	2	1994
3	6	1985
NA	16	NA
5	9	1996
5	9	1997
5	9	1994
5	9	1997
5	9	1996
5	7	1996
5	9	1993
NA	15	NA
5	6	1997
NA	15	NA
3	5	1990
NA	6	NA
5	9	1996
NA	13	NA
5	8	1997
5	15	1995
5	9	1957
NA	18	NA
5	6	1995
NA	9	NA
4	9	1982
3	6	1988
5	6	1993
5	6	1995
5	6	1934
NA	13	NA
NA	15	NA
5	3	1996
NA	5	NA
5	9	1997
5	9	1993
5	9	1997
5	9	1996
5	9	1993
5	6	1997
5	17	1996
5	9	1996
5	6	1996
5	9	1986
3	2	1989
NA	3	NA
NA	7	NA
NA	9	NA
3	2	1993
NA	6	NA
NA	18	NA
5	9	1994
NA	13	NA
5	6	1940
5	5	1997
NA	6	NA
5	2	1996
NA	3	NA
NA	17	NA
5	9	1993
5	2	1996
NA	17	NA
5	9	1988
5	2	1995
NA	16	NA
NA	17	NA
5	6	1997
5	6	1997
4	9	1967
NA	15	NA
5	11	1950
5	4	1996
5	7	1993
NA	17	NA
5	9	1995
5	7	1994
NA	9	NA
5	9	1996
NA	15	NA
3	2	1993
NA	17	NA
5	9	1998
5	17	1994
5	6	1994
5	7	1996
5	19	1958
5	6	1991
NA	9	NA
5	9	1958
5	9	1998
5	2	1996
NA	6	NA
NA	7	NA
NA	12	NA
NA	17	NA
5	12	1995
NA	17	NA
5	3	1996
NA	4	NA
NA	5	NA
NA	6	NA
NA	10	NA
5	3	1998
NA	5	NA
NA	10	NA
NA	16	NA
3	4	1988
NA	5	NA
5	9	1994
5	6	1997
3	6	1990
NA	15	NA
5	9	1956
5	8	1996
5	8	1996
5	2	1996
NA	17	NA
5	7	1996
5	9	1950
5	8	1994
5	3	1995
NA	5	NA
NA	6	NA
NA	10	NA
NA	15	NA
NA	16	NA
5	9	1994
5	6	1994
NA	9	NA
5	9	1995
5	3	1997
NA	5	NA
NA	9	NA
5	9	1957
5	3	1954
NA	5	NA
NA	10	NA
NA	16	NA
5	6	1994
5	9	1995
NA	15	NA
5	2	1996
NA	17	NA
5	8	1994
5	9	1996
5	9	1993
3	2	1993
NA	9	NA
5	6	1997
NA	9	NA
5	6	1994
NA	14	NA
NA	15	NA
5	6	1953
NA	15	NA
5	6	1939
NA	15	NA
4	9	1980
NA	15	NA
5	7	1997
NA	17	NA
5	9	1991
5	6	1935
NA	13	NA
NA	15	NA
5	6	1997
NA	14	NA
5	9	1996
5	6	1997
5	8	1998
5	9	1997
5	6	1995
NA	9	NA
5	2	1977
NA	3	NA
NA	15	NA
NA	16	NA
NA	18	NA
5	9	1997
NA	13	NA
5	3	1974
NA	5	NA
NA	6	NA
5	8	1996
5	9	1990
5	2	1994
5	2	1996
NA	3	NA
5	6	1995
5	9	1993
3	2	1989
NA	3	NA
NA	16	NA
5	2	1994
NA	5	NA
5	9	1997
NA	15	NA
5	9	1994
NA	15	NA
5	6	1994
NA	9	NA
5	9	1996
5	2	1996
NA	7	NA
5	6	1996
5	5	1995
NA	9	NA
5	6	1996
NA	9	NA
5	17	1995
5	8	1998
5	13	1952
NA	15	NA
5	7	1931
NA	11	NA
NA	17	NA
5	2	1996
NA	16	NA
5	6	1994
NA	12	NA
5	2	1998
NA	3	NA
NA	17	NA
5	14	1949
NA	17	NA
5	9	1995
NA	15	NA
3	2	1986
NA	4	NA
NA	5	NA
NA	16	NA
NA	17	NA
NA	18	NA
5	7	1997
NA	9	NA
NA	14	NA
5	2	1996
NA	17	NA
3	6	1987
5	6	1993
5	9	1950
5	6	1995
NA	9	NA
5	7	1997
NA	12	NA
NA	14	NA
NA	17	NA
5	9	1996
5	15	1997
5	9	1996
NA	17	NA
5	7	1995
NA	9	NA
NA	17	NA
5	7	1998
NA	9	NA
5	9	1996
NA	17	NA
5	6	1984
NA	9	NA
NA	13	NA
NA	1	NA
5	9	1993
5	2	1996
NA	3	NA
NA	16	NA
5	6	1994
5	9	1994
5	9	1990
3	2	1992
NA	12	NA
NA	16	NA
NA	17	NA
5	6	1996
NA	15	NA
5	9	1996
5	8	1996
5	3	1996
NA	9	NA
5	2	1995
NA	3	NA
NA	6	NA
NA	18	NA
5	6	1997
5	9	1994
5	9	1995
5	9	1994
5	3	1971
NA	5	NA
NA	13	NA
5	9	1996
NA	18	NA
5	9	1995
5	6	1991
NA	16	NA
5	9	1998
NA	15	NA
5	6	1997
NA	15	NA
5	2	1980
NA	6	NA
NA	13	NA
5	2	1998
NA	17	NA
5	11	1941
NA	14	NA
4	6	1971
NA	18	NA
5	13	1987
NA	15	NA
5	9	1995
NA	15	NA
5	9	1996
NA	14	NA
3	6	1989
5	16	1985
5	9	1997
5	3	1995
NA	5	NA
NA	10	NA
5	12	1986
3	2	1993
NA	3	NA
NA	5	NA
NA	16	NA
5	6	1996
NA	15	NA
5	9	1994
5	9	1995
5	6	1996
NA	9	NA
5	2	1997
NA	3	NA
5	9	1993
5	16	1995
NA	17	NA
5	9	1996
5	6	1998
5	8	1996
5	2	1995
NA	3	NA
NA	9	NA
NA	15	NA
5	9	1995
5	9	1938
5	8	1995
5	6	1993
5	3	1997
NA	5	NA
5	9	1997
NA	15	NA
5	9	1966
5	6	1994
NA	15	NA
5	9	1939
NA	15	NA
NA	18	NA
5	8	1996
5	6	1995
5	9	1996
5	3	1995
NA	5	NA
5	12	1996
NA	17	NA
5	3	1995
NA	5	NA
5	12	1945
5	8	1995
5	9	1997
5	12	1995
4	12	1980
5	2	1998
NA	14	NA
NA	17	NA
5	2	1998
NA	17	NA
5	14	1997
NA	17	NA
5	2	1995
NA	7	NA
NA	9	NA
5	12	1995
5	7	1997
5	7	1995
NA	17	NA
5	9	1994
5	2	1996
NA	3	NA
NA	7	NA
5	6	1982
NA	13	NA
5	9	1991
NA	13	NA
4	9	1979
NA	18	NA
5	9	1995
NA	15	NA
5	9	1996
5	5	1997
NA	9	NA
NA	10	NA
5	17	1935
5	7	1997
NA	17	NA
5	6	1994
5	2	1996
NA	3	NA
5	2	1996
NA	3	NA
NA	6	NA
NA	13	NA
NA	17	NA
5	2	1994
NA	6	NA
5	9	1997
5	2	1995
5	12	1995
5	2	1997
NA	6	NA
5	6	1994
5	2	1996
NA	17	NA
3	2	1993
NA	7	NA
NA	15	NA
5	9	1987
NA	15	NA
5	15	1994
NA	18	NA
5	2	1998
NA	9	NA
5	12	1983
5	9	1997
NA	15	NA
5	2	1997
NA	9	NA
5	7	1939
NA	9	NA
5	2	1981
NA	3	NA
NA	16	NA
NA	17	NA
5	7	1960
NA	17	NA
5	8	1995
5	2	1997
NA	16	NA
5	9	1996
5	6	1997
5	6	1996
5	6	1994
NA	9	NA
5	9	1996
5	9	1996
5	16	1995
5	9	1998
NA	17	NA
5	6	1996
NA	9	NA
5	2	1996
NA	14	NA
NA	17	NA
5	9	1997
5	9	1996
4	6	1974
NA	12	NA
5	13	1958
5	5	1996
NA	9	NA
NA	10	NA
4	6	1971
5	12	1998
5	6	1996
5	9	1936
5	9	1995
NA	15	NA
5	9	1997
5	12	1992
5	2	1997
NA	9	NA
NA	15	NA
5	9	1986
5	9	1997
NA	18	NA
5	17	1990
5	3	1997
NA	5	NA
5	15	1997
5	6	1995
5	9	1994
NA	17	NA
5	10	1987
5	6	1996
NA	15	NA
5	6	1996
5	6	1996
NA	9	NA
5	15	1997
5	9	1996
5	9	1995
5	2	1979
NA	12	NA
NA	16	NA
NA	17	NA
5	9	1997
5	5	1995
5	6	1993
5	9	1951
NA	16	NA
5	9	1996
5	6	1996
5	9	1989
5	6	1994
5	15	1994
5	6	1994
NA	15	NA
5	15	1995
5	2	1997
NA	3	NA
NA	16	NA
NA	18	NA
3	2	1993
NA	3	NA
NA	16	NA
5	9	1996
5	6	1997
5	6	1996
NA	9	NA
5	5	1997
NA	6	NA
3	6	1987
NA	9	NA
NA	15	NA
5	9	1994
5	6	1996
5	2	1994
5	12	1968
5	9	1995
NA	15	NA
5	11	1998
NA	16	NA
NA	17	NA
4	5	1975
NA	6	NA
NA	19	NA
5	2	1981
NA	12	NA
5	6	1997
3	2	1983
NA	12	NA
5	6	1994
NA	9	NA
5	8	1994
5	6	1996
NA	9	NA
5	6	1936
5	9	1998
NA	15	NA
5	2	1994
NA	17	NA
5	6	1995
5	2	1995
5	4	1951
NA	5	NA
NA	13	NA
5	6	1957
NA	13	NA
5	6	1998
NA	15	NA
5	4	1993
NA	6	NA
5	6	1995
NA	15	NA
5	9	1995
5	8	1994
NA	9	NA
5	9	1996
NA	15	NA
5	9	1997
5	9	1994
5	9	1994
NA	15	NA
NA	18	NA
NA	19	NA
5	9	1997
5	9	1995
5	9	1986
5	6	1997
5	9	1991
5	9	1996
5	6	1994
NA	16	NA
5	2	1995
NA	3	NA
NA	17	NA
5	8	1997
5	9	1996
NA	15	NA
5	12	1997
NA	17	NA
5	9	1997
5	5	1959
NA	6	NA
5	6	1997
3	2	1992
NA	7	NA
NA	9	NA
5	6	1950
5	19	1955
5	14	1995
NA	17	NA
5	4	1995
NA	5	NA
5	12	1998
5	6	1996
5	9	1994
5	6	1997
NA	7	NA
5	6	1996
5	15	1997
5	3	1975
NA	5	NA
NA	10	NA
5	6	1996
NA	9	NA
5	19	1943
5	9	1941
NA	15	NA
5	9	1990
3	3	1986
NA	6	NA
NA	9	NA
5	7	1997
5	3	1995
NA	5	NA
NA	9	NA
5	9	1993
5	9	1996
5	6	1998
5	3	1998
NA	16	NA
NA	17	NA
3	2	1992
5	7	1990
NA	9	NA
NA	11	NA
5	2	1995
NA	3	NA
NA	16	NA
5	9	1994
5	5	1964
NA	6	NA
NA	13	NA
5	9	1996
5	9	1989
5	6	1997
5	6	1995
NA	15	NA
3	2	1991
NA	3	NA
NA	16	NA
5	15	1997
5	2	1994
NA	17	NA
4	6	1974
5	6	1997
5	9	1996
4	12	1976
5	19	1994
5	9	1994
5	9	1994
5	9	1997
5	2	1997
5	7	1997
NA	17	NA
5	6	1996
5	6	1993
5	9	1996
NA	17	NA
5	9	1995
NA	16	NA
5	2	1996
NA	9	NA
NA	18	NA
5	9	1992
5	2	1995
NA	3	NA
NA	16	NA
5	9	1998
5	6	1994
5	12	1991
