3	2	1996
4	9	1936
5	2	1966
NA	19	NA
5	6	1974
5	9	1997
5	6	1996
NA	7	NA
4	15	1957
3	2	1993
NA	17	NA
5	8	1991
3	3	1996
NA	5	NA
NA	6	NA
5	6	1993
NA	17	NA
5	6	1986
NA	12	NA
5	8	1996
NA	9	NA
5	6	1997
NA	15	NA
5	6	1997
NA	15	NA
5	6	1996
5	6	1995
5	9	1994
NA	15	NA
5	6	1995
NA	9	NA
5	7	1998
NA	9	NA
5	9	1993
5	6	1997
NA	15	NA
3	19	1992
5	9	1994
5	8	1994
5	9	1996
NA	17	NA
3	3	1994
NA	5	NA
NA	15	NA
5	6	1994
5	9	1995
3	2	1995
NA	3	NA
NA	16	NA
5	6	1994
NA	15	NA
5	8	1996
3	5	1960
NA	6	NA
NA	9	NA
3	12	1995
5	9	1996
NA	17	NA
5	9	1997
3	17	1992
5	9	1994
3	2	1993
NA	3	NA
NA	16	NA
5	9	1997
5	5	1997
NA	6	NA
3	2	1997
NA	9	NA
NA	17	NA
NA	18	NA
5	5	1997
NA	6	NA
3	4	1995
NA	5	NA
5	4	1988
NA	5	NA
4	9	1939
NA	15	NA
NA	18	NA
5	6	1987
5	9	1993
5	6	1997
5	6	1994
NA	9	NA
NA	15	NA
3	3	1998
NA	5	NA
NA	10	NA
NA	16	NA
4	9	1943
5	6	1994
4	6	1950
5	9	1996
4	2	1987
NA	3	NA
NA	6	NA
NA	15	NA
5	9	1996
5	2	1975
NA	12	NA
3	3	1993
NA	5	NA
5	9	1993
NA	19	NA
5	9	1994
NA	17	NA
5	6	1993
NA	15	NA
3	6	1965
NA	13	NA
5	9	1996
NA	13	NA
5	9	1994
5	7	1995
NA	9	NA
5	6	1996
NA	9	NA
5	9	1996
NA	13	NA
5	6	1997
3	15	1996
5	9	1997
NA	15	NA
5	9	1991
5	9	1996
5	9	1994
NA	15	NA
5	9	1994
5	9	1996
5	9	1994
NA	15	NA
3	12	1994
5	6	1996
3	2	1997
NA	9	NA
NA	15	NA
5	9	1988
5	9	1990
5	9	1996
5	6	1994
NA	15	NA
5	6	1988
3	4	1997
NA	5	NA
NA	13	NA
5	9	1979
NA	18	NA
3	17	1993
5	9	1998
NA	17	NA
5	9	1997
NA	15	NA
5	9	1995
5	9	1993
NA	12	NA
5	9	1995
5	9	1997
NA	15	NA
NA	17	NA
3	2	1998
NA	17	NA
5	9	1996
5	9	1995
4	7	1948
NA	11	NA
NA	17	NA
5	9	1997
3	11	1962
NA	17	NA
5	8	1996
3	17	1996
5	6	1994
NA	15	NA
3	2	1995
NA	9	NA
NA	17	NA
5	9	1998
5	9	1995
5	6	1974
5	9	1996
NA	15	NA
3	9	1973
3	3	1995
NA	5	NA
5	9	1997
4	2	1951
NA	3	NA
NA	15	NA
NA	18	NA
4	6	1940
NA	15	NA
5	9	1994
5	6	1997
5	9	1985
NA	15	NA
NA	17	NA
5	6	1993
NA	15	NA
NA	17	NA
5	9	1996
5	6	1996
5	6	1995
NA	15	NA
5	6	1994
5	8	1983
NA	18	NA
3	12	1995
5	9	1996
5	6	1996
3	2	1992
NA	7	NA
NA	9	NA
5	7	1984
NA	9	NA
NA	17	NA
5	9	1993
5	6	1995
NA	9	NA
4	6	1938
3	2	1994
5	9	1997
5	6	1996
NA	15	NA
5	9	1997
3	2	1996
NA	17	NA
3	2	1990
NA	9	NA
5	8	1996
5	6	1989
5	4	1970
NA	5	NA
3	14	1992
NA	17	NA
5	2	1965
NA	6	NA
NA	9	NA
5	2	1981
NA	3	NA
5	6	1993
NA	14	NA
3	12	1996
5	9	1997
4	3	1954
NA	5	NA
NA	10	NA
NA	16	NA
3	12	1997
5	6	1998
NA	17	NA
4	2	1988
NA	6	NA
NA	19	NA
5	9	1994
5	6	1996
5	6	1993
5	6	1991
3	2	1995
5	8	1994
5	6	1997
3	12	1976
5	9	1996
4	2	1983
NA	12	NA
3	2	1997
NA	9	NA
NA	18	NA
5	6	1994
5	6	1995
3	15	1997
5	6	1996
NA	9	NA
5	2	1981
NA	12	NA
5	9	1992
3	2	1995
NA	5	NA
5	9	1996
5	7	1997
5	9	1996
5	9	1996
3	6	1954
NA	9	NA
3	2	1994
3	2	1994
5	6	1993
NA	15	NA
4	3	1956
NA	6	NA
5	6	1996
3	17	1994
5	6	1996
NA	15	NA
5	8	1988
3	2	1993
NA	9	NA
NA	18	NA
3	4	1995
NA	5	NA
NA	6	NA
3	9	1974
5	9	1993
NA	17	NA
5	6	1997
NA	9	NA
5	9	1994
3	2	1993
NA	16	NA
5	6	1973
NA	7	NA
3	11	1962
NA	17	NA
3	2	1997
NA	3	NA
3	2	1994
NA	9	NA
NA	17	NA
3	12	1982
5	8	1996
5	6	1995
NA	9	NA
5	6	1994
5	9	1994
5	9	1996
NA	14	NA
NA	15	NA
3	2	1993
5	9	1996
5	2	1977
NA	3	NA
NA	15	NA
NA	16	NA
NA	18	NA
5	9	1994
5	9	1997
NA	18	NA
5	9	1997
5	9	1996
3	2	1995
NA	3	NA
NA	5	NA
NA	10	NA
NA	16	NA
5	7	1997
NA	11	NA
NA	14	NA
NA	17	NA
5	8	1997
3	2	1997
NA	9	NA
NA	17	NA
5	6	1993
NA	9	NA
5	9	1997
5	6	1997
NA	9	NA
5	9	1998
5	9	1997
5	7	1994
NA	9	NA
3	2	1997
NA	16	NA
5	6	1995
5	9	1989
5	9	1995
NA	15	NA
5	6	1996
4	9	1949
5	9	1987
NA	15	NA
5	6	1996
NA	15	NA
3	2	1997
NA	17	NA
4	19	1952
5	7	1997
NA	9	NA
NA	14	NA
5	6	1996
5	9	1993
3	2	1998
NA	17	NA
5	6	1995
NA	15	NA
3	12	1992
5	5	1997
NA	9	NA
NA	10	NA
5	8	1996
5	6	1997
NA	9	NA
5	9	1996
NA	17	NA
3	3	1995
NA	5	NA
3	2	1995
NA	15	NA
NA	17	NA
5	6	1993
5	7	1996
NA	9	NA
NA	15	NA
3	12	1984
4	14	1954
NA	17	NA
5	9	1997
3	2	1996
NA	6	NA
NA	16	NA
NA	18	NA
5	6	1973
NA	16	NA
3	17	1997
5	6	1994
NA	18	NA
5	9	1996
NA	15	NA
3	2	1992
NA	3	NA
NA	6	NA
NA	7	NA
5	6	1995
5	6	1995
NA	9	NA
5	9	1994
NA	15	NA
NA	18	NA
NA	19	NA
3	2	1996
NA	7	NA
3	2	1995
NA	17	NA
5	7	1997
5	9	1997
NA	18	NA
5	7	1995
NA	11	NA
NA	14	NA
NA	17	NA
5	6	1996
3	17	1998
5	6	1996
NA	9	NA
4	9	1939
5	9	1993
3	2	1990
NA	15	NA
5	9	1996
3	15	1998
5	6	1985
5	9	1994
5	6	1996
3	9	1975
5	7	1992
NA	17	NA
5	9	1996
5	9	1996
NA	15	NA
5	6	1997
3	16	1997
3	12	1968
5	9	1996
5	6	1995
3	2	1995
5	6	1993
NA	9	NA
4	9	1945
3	2	1993
NA	6	NA
NA	18	NA
5	6	1996
5	6	1981
4	6	1952
NA	15	NA
5	6	1996
5	6	1995
3	2	1995
NA	9	NA
NA	17	NA
3	3	1996
NA	5	NA
3	2	1996
NA	17	NA
5	7	1997
4	9	1956
3	2	1998
NA	16	NA
NA	17	NA
5	9	1997
3	12	1982
5	6	1996
5	7	1993
NA	9	NA
3	9	1957
NA	18	NA
4	3	1988
NA	4	NA
NA	16	NA
NA	17	NA
4	6	1934
3	15	1997
5	11	1998
NA	16	NA
NA	17	NA
5	6	1996
5	9	1995
NA	17	NA
NA	18	NA
5	9	1996
4	19	1943
5	6	1995
5	7	1996
NA	11	NA
NA	17	NA
5	6	1996
5	5	1994
NA	6	NA
5	9	1995
5	9	1996
NA	15	NA
5	6	1996
5	8	1996
4	3	1943
NA	18	NA
5	9	1995
3	12	1997
NA	17	NA
5	8	1994
5	9	1994
5	8	1994
NA	9	NA
3	2	1993
NA	9	NA
5	9	1994
NA	15	NA
NA	18	NA
3	17	1995
5	6	1993
5	9	1992
5	9	1996
5	9	1996
5	9	1996
NA	14	NA
5	9	1995
3	2	1994
NA	16	NA
3	2	1997
NA	14	NA
NA	15	NA
NA	17	NA
3	2	1992
NA	15	NA
NA	18	NA
3	5	1964
NA	6	NA
NA	13	NA
5	9	1988
4	6	1940
5	7	1995
NA	9	NA
NA	17	NA
5	9	1998
3	2	1997
NA	9	NA
5	7	1997
NA	17	NA
3	2	1991
NA	16	NA
NA	17	NA
3	2	1996
NA	3	NA
NA	6	NA
NA	13	NA
NA	17	NA
3	4	1996
NA	6	NA
NA	17	NA
5	6	1997
5	6	1991
NA	10	NA
4	7	1931
NA	11	NA
NA	17	NA
3	12	1998
4	9	1955
5	6	1996
NA	13	NA
NA	15	NA
5	6	1996
NA	9	NA
3	9	1968
5	6	1996
NA	7	NA
5	6	1995
5	6	1996
NA	9	NA
5	9	1994
5	3	1975
3	3	1996
NA	4	NA
NA	5	NA
NA	6	NA
NA	10	NA
5	9	1991
3	12	1968
NA	16	NA
5	9	1995
5	6	1994
NA	15	NA
4	12	1922
5	9	1998
5	5	1996
NA	6	NA
3	3	1994
3	17	1994
5	9	1994
NA	10	NA
NA	17	NA
5	6	1979
NA	9	NA
NA	15	NA
3	15	1994
NA	18	NA
5	6	1994
3	16	1997
NA	17	NA
4	9	1946
5	9	1993
5	9	1993
NA	17	NA
3	14	1997
5	9	1993
NA	14	NA
5	6	1994
NA	9	NA
5	7	1997
NA	17	NA
5	7	1997
NA	9	NA
5	6	1994
NA	9	NA
5	9	1997
3	3	1995
NA	5	NA
NA	6	NA
NA	10	NA
NA	15	NA
NA	16	NA
5	6	1995
3	9	1963
5	6	1994
NA	14	NA
NA	15	NA
5	6	1993
NA	15	NA
5	4	1968
NA	5	NA
4	3	1940
3	2	1996
NA	16	NA
NA	17	NA
5	6	1993
5	7	1997
NA	9	NA
NA	17	NA
3	17	1995
3	12	1991
5	9	1996
NA	17	NA
5	6	1996
3	11	1974
NA	14	NA
NA	17	NA
5	6	1983
4	9	1956
3	17	1997
5	9	1994
5	6	1993
NA	9	NA
3	2	1994
5	6	1995
3	2	1995
NA	17	NA
5	6	1996
3	2	1995
3	2	1997
5	7	1997
NA	17	NA
4	6	1942
NA	9	NA
NA	18	NA
3	3	1997
NA	5	NA
5	6	1993
5	9	1996
5	9	1996
5	9	1995
NA	15	NA
3	12	1996
NA	17	NA
5	9	1997
5	9	1995
5	6	1994
NA	15	NA
5	6	1996
5	6	1994
NA	15	NA
NA	18	NA
5	2	1978
NA	12	NA
5	6	1988
NA	9	NA
NA	15	NA
5	8	1994
3	2	1994
NA	3	NA
NA	16	NA
3	12	1996
5	9	1996
NA	18	NA
5	6	1994
3	2	1998
NA	9	NA
NA	17	NA
5	7	1996
5	9	1994
4	9	1941
5	6	1996
5	6	1994
NA	9	NA
5	7	1997
NA	17	NA
5	6	1990
NA	9	NA
5	6	1994
5	9	1996
3	3	1993
NA	5	NA
5	9	1996
NA	17	NA
5	6	1997
NA	15	NA
4	11	1941
NA	14	NA
4	14	1944
NA	17	NA
5	9	1996
5	6	1994
3	12	1994
NA	17	NA
5	5	1996
NA	6	NA
5	6	1996
NA	9	NA
3	2	1996
NA	9	NA
NA	18	NA
3	3	1994
NA	5	NA
5	9	1997
3	2	1996
NA	3	NA
NA	16	NA
NA	17	NA
5	1	1971
5	9	1997
5	6	1994
NA	9	NA
3	2	1996
NA	6	NA
NA	7	NA
NA	12	NA
NA	17	NA
5	8	1996
3	2	1996
NA	7	NA
3	2	1994
NA	17	NA
5	9	1997
NA	15	NA
5	9	1997
5	9	1994
4	9	1941
NA	15	NA
5	9	1994
5	9	1990
4	6	1935
3	2	1997
NA	15	NA
NA	17	NA
5	6	1997
5	9	1995
5	8	1994
5	9	1992
5	9	1993
5	3	1974
NA	5	NA
NA	6	NA
5	9	1996
4	14	1950
4	7	1939
NA	9	NA
3	2	1997
5	6	1996
NA	9	NA
3	2	1997
NA	6	NA
3	2	1994
NA	5	NA
5	9	1997
3	2	1997
NA	15	NA
NA	17	NA
3	2	1997
NA	17	NA
5	5	1997
NA	6	NA
5	9	1998
3	3	1995
NA	5	NA
NA	9	NA
5	6	1997
3	2	1997
NA	17	NA
5	6	1995
5	6	1977
NA	15	NA
3	12	1995
NA	17	NA
5	9	1993
5	9	1980
5	9	1996
5	6	1994
NA	15	NA
5	6	1996
3	2	1997
NA	9	NA
NA	18	NA
5	6	1995
NA	9	NA
NA	15	NA
3	3	1995
NA	16	NA
5	9	1984
3	16	1995
3	15	1998
NA	17	NA
5	6	1993
NA	15	NA
4	2	1986
NA	15	NA
5	6	1996
NA	9	NA
5	9	1992
5	6	1996
3	15	1997
5	8	1993
5	9	1995
5	9	1997
3	12	1980
4	6	1937
NA	13	NA
NA	15	NA
5	6	1998
5	9	1978
NA	18	NA
5	5	1996
NA	6	NA
5	6	1997
NA	7	NA
NA	14	NA
NA	17	NA
5	6	1990
NA	15	NA
5	6	1994
4	4	1951
NA	5	NA
NA	13	NA
5	7	1994
NA	9	NA
NA	15	NA
NA	17	NA
3	2	1995
5	8	1990
5	9	1994
5	6	1994
5	6	1992
NA	7	NA
NA	9	NA
3	2	1996
NA	9	NA
NA	19	NA
5	6	1994
5	6	1996
NA	15	NA
3	2	1995
NA	7	NA
NA	17	NA
3	7	1967
NA	9	NA
5	6	1995
3	2	1995
NA	17	NA
3	2	1994
NA	17	NA
5	6	1997
NA	7	NA
NA	9	NA
NA	14	NA
5	9	1996
5	6	1996
3	2	1993
NA	3	NA
NA	7	NA
5	7	1997
5	9	1996
NA	17	NA
3	2	1993
NA	3	NA
NA	5	NA
NA	16	NA
4	13	1958
5	9	1997
NA	15	NA
5	9	1996
3	2	1998
NA	9	NA
5	6	1994
NA	9	NA
NA	18	NA
5	6	1982
5	9	1996
5	7	1997
NA	9	NA
NA	17	NA
5	9	1976
3	15	1997
5	6	1998
5	9	1994
NA	17	NA
5	9	1982
5	2	1969
NA	6	NA
NA	19	NA
5	7	1998
NA	9	NA
NA	17	NA
4	3	1988
NA	15	NA
3	2	1994
NA	6	NA
NA	19	NA
5	9	1989
3	3	1995
NA	5	NA
3	6	1960
NA	9	NA
5	6	1994
NA	7	NA
NA	10	NA
5	6	1998
NA	15	NA
3	2	1996
NA	9	NA
5	6	1993
