2	9	1997
2	17	1997
2	6	1997
NA	9	NA
2	6	1996
NA	9	NA
2	6	1996
NA	10	NA
NA	15	NA
NA	16	NA
2	9	1996
NA	15	NA
2	12	1995
NA	17	NA
4	9	1961
NA	15	NA
4	9	1993
4	6	1993
2	9	1997
NA	18	NA
2	6	1995
4	9	1998
4	2	1997
NA	3	NA
NA	15	NA
NA	16	NA
NA	18	NA
2	9	1997
4	2	1998
NA	16	NA
NA	17	NA
4	8	1993
2	4	1995
NA	5	NA
NA	6	NA
4	16	1993
NA	17	NA
2	2	1996
NA	3	NA
NA	17	NA
4	2	1994
2	9	1997
2	15	1997
4	5	1949
NA	9	NA
4	2	1997
NA	9	NA
NA	17	NA
NA	18	NA
4	17	1994
2	9	1997
2	8	1996
4	2	1990
NA	17	NA
4	5	1994
NA	6	NA
2	17	1997
2	7	1997
NA	17	NA
2	9	1996
NA	17	NA
2	2	1995
NA	3	NA
2	6	1997
NA	9	NA
4	9	1991
4	6	1998
NA	15	NA
2	6	1995
2	17	1998
2	6	1996
NA	9	NA
4	6	1993
NA	15	NA
4	6	1998
NA	8	NA
4	6	1993
NA	9	NA
4	12	1984
4	9	1994
4	9	1994
4	2	1992
NA	9	NA
NA	15	NA
NA	18	NA
4	9	1994
2	9	1995
4	7	1981
4	6	1998
NA	7	NA
NA	9	NA
4	6	1963
NA	14	NA
NA	15	NA
NA	17	NA
4	2	1982
NA	3	NA
NA	16	NA
2	3	1995
NA	5	NA
2	6	1995
NA	9	NA
4	2	1997
NA	17	NA
4	9	1994
4	2	1975
NA	12	NA
4	5	1994
NA	6	NA
4	7	1994
2	6	1996
2	9	1996
4	7	1967
NA	9	NA
2	19	1995
4	9	1992
4	6	1994
NA	9	NA
NA	15	NA
2	7	1995
NA	17	NA
2	9	1995
2	9	1995
NA	15	NA
2	9	1996
4	9	1967
4	9	1991
4	3	1994
NA	5	NA
2	9	1997
2	6	1996
4	6	1993
NA	15	NA
2	6	1997
2	6	1995
NA	9	NA
2	16	1997
2	3	1997
NA	5	NA
NA	9	NA
2	6	1996
4	3	1993
NA	5	NA
2	9	1997
NA	15	NA
2	8	1997
2	9	1997
4	2	1990
NA	9	NA
4	6	1994
2	2	1995
NA	9	NA
NA	17	NA
2	6	1996
NA	9	NA
4	9	1994
NA	15	NA
2	6	1995
NA	9	NA
NA	15	NA
2	2	1995
NA	3	NA
NA	14	NA
NA	16	NA
2	6	1996
2	4	1996
NA	6	NA
NA	17	NA
4	2	1994
NA	3	NA
2	6	1996
2	6	1996
2	9	1996
2	8	1996
4	9	1994
NA	12	NA
2	6	1996
NA	15	NA
2	7	1997
4	9	1993
2	9	1997
2	9	1996
4	2	1994
NA	15	NA
NA	17	NA
2	9	1997
4	6	1994
2	6	1996
4	2	1997
NA	15	NA
NA	17	NA
2	16	1997
NA	17	NA
2	6	1997
4	6	1994
NA	18	NA
2	8	1996
4	6	1993
NA	15	NA
4	6	1959
NA	17	NA
4	6	1994
4	2	1997
NA	9	NA
NA	18	NA
4	2	1997
NA	17	NA
NA	18	NA
4	6	1994
2	9	1995
2	6	1997
4	9	1955
4	12	1987
NA	17	NA
2	18	1995
4	11	1946
NA	15	NA
NA	17	NA
2	9	1995
4	2	1997
NA	9	NA
NA	18	NA
2	6	1997
NA	15	NA
2	9	1997
2	8	1997
4	19	1993
2	9	1996
4	9	1971
4	12	1992
4	2	1981
NA	3	NA
4	5	1957
NA	9	NA
2	6	1995
NA	15	NA
4	15	1940
NA	17	NA
4	9	1991
NA	16	NA
4	6	1998
2	2	1995
4	7	1998
NA	9	NA
NA	14	NA
NA	17	NA
2	9	1997
4	12	1976
4	2	1997
NA	17	NA
4	6	1980
2	8	1996
4	9	1989
2	13	1996
2	4	1995
NA	5	NA
4	9	1993
4	9	1991
NA	17	NA
2	9	1995
2	12	1996
4	2	1994
4	6	1985
NA	16	NA
2	9	1996
2	9	1997
4	9	1994
2	9	1997
2	9	1996
2	7	1996
4	9	1993
NA	15	NA
2	6	1997
NA	15	NA
4	5	1990
NA	6	NA
2	9	1996
NA	13	NA
2	8	1997
2	15	1995
4	9	1957
NA	18	NA
2	6	1995
NA	9	NA
4	9	1982
4	6	1988
4	6	1993
2	6	1995
4	6	1934
NA	13	NA
NA	15	NA
2	3	1996
NA	5	NA
2	9	1997
4	9	1993
2	9	1997
2	9	1996
4	9	1993
2	6	1997
2	17	1996
2	9	1996
2	6	1996
4	9	1986
4	2	1989
NA	3	NA
NA	7	NA
NA	9	NA
4	2	1993
NA	6	NA
NA	18	NA
4	9	1994
NA	13	NA
4	6	1940
2	5	1997
NA	6	NA
2	2	1996
NA	3	NA
NA	17	NA
4	9	1993
2	2	1996
NA	17	NA
4	9	1988
2	2	1995
NA	16	NA
NA	17	NA
2	6	1997
2	6	1997
4	9	1967
NA	15	NA
4	11	1950
2	4	1996
4	7	1993
NA	17	NA
2	9	1995
4	7	1994
NA	9	NA
2	9	1996
NA	15	NA
4	2	1993
NA	17	NA
4	9	1998
4	17	1994
4	6	1994
2	7	1996
4	19	1958
4	6	1991
NA	9	NA
4	9	1958
4	9	1998
2	2	1996
NA	6	NA
NA	7	NA
NA	12	NA
NA	17	NA
2	12	1995
NA	17	NA
2	3	1996
NA	4	NA
NA	5	NA
NA	6	NA
NA	10	NA
4	3	1998
NA	5	NA
NA	10	NA
NA	16	NA
4	4	1988
NA	5	NA
4	9	1994
2	6	1997
4	6	1990
NA	15	NA
4	9	1956
2	8	1996
2	8	1996
2	2	1996
NA	17	NA
2	7	1996
4	9	1950
4	8	1994
2	3	1995
NA	5	NA
NA	6	NA
NA	10	NA
NA	15	NA
NA	16	NA
4	9	1994
4	6	1994
NA	9	NA
2	9	1995
2	3	1997
NA	5	NA
NA	9	NA
4	9	1957
4	3	1954
NA	5	NA
NA	10	NA
NA	16	NA
4	6	1994
2	9	1995
NA	15	NA
2	2	1996
NA	17	NA
4	8	1994
2	9	1996
4	9	1993
4	2	1993
NA	9	NA
2	6	1997
NA	9	NA
4	6	1994
NA	14	NA
NA	15	NA
4	6	1953
NA	15	NA
4	6	1939
NA	15	NA
4	9	1980
NA	15	NA
2	7	1997
NA	17	NA
4	9	1991
4	6	1935
NA	13	NA
NA	15	NA
2	6	1997
NA	14	NA
2	9	1996
2	6	1997
4	8	1998
2	9	1997
2	6	1995
NA	9	NA
4	2	1977
NA	3	NA
NA	15	NA
NA	16	NA
NA	18	NA
2	9	1997
NA	13	NA
4	3	1974
NA	5	NA
NA	6	NA
2	8	1996
4	9	1990
4	2	1994
2	2	1996
NA	3	NA
2	6	1995
4	9	1993
4	2	1989
NA	3	NA
NA	16	NA
4	2	1994
NA	5	NA
2	9	1997
NA	15	NA
4	9	1994
NA	15	NA
4	6	1994
NA	9	NA
2	9	1996
2	2	1996
NA	7	NA
2	6	1996
2	5	1995
NA	9	NA
2	6	1996
NA	9	NA
2	17	1995
4	8	1998
4	13	1952
NA	15	NA
4	7	1931
NA	11	NA
NA	17	NA
2	2	1996
NA	16	NA
4	6	1994
NA	12	NA
4	2	1998
NA	3	NA
NA	17	NA
4	14	1949
NA	17	NA
2	9	1995
NA	15	NA
4	2	1986
NA	4	NA
NA	5	NA
NA	16	NA
NA	17	NA
NA	18	NA
2	7	1997
NA	9	NA
NA	14	NA
2	2	1996
NA	17	NA
4	6	1987
4	6	1993
4	9	1950
2	6	1995
NA	9	NA
2	7	1997
NA	12	NA
NA	14	NA
NA	17	NA
2	9	1996
2	15	1997
2	9	1996
NA	17	NA
2	7	1995
NA	9	NA
NA	17	NA
4	7	1998
NA	9	NA
2	9	1996
NA	17	NA
4	6	1984
NA	9	NA
NA	13	NA
NA	1	NA
4	9	1993
2	2	1996
NA	3	NA
NA	16	NA
4	6	1994
4	9	1994
4	9	1990
4	2	1992
NA	12	NA
NA	16	NA
NA	17	NA
2	6	1996
NA	15	NA
2	9	1996
2	8	1996
2	3	1996
NA	9	NA
2	2	1995
NA	3	NA
NA	6	NA
NA	18	NA
2	6	1997
4	9	1994
2	9	1995
4	9	1994
4	3	1971
NA	5	NA
NA	13	NA
2	9	1996
NA	18	NA
2	9	1995
4	6	1991
NA	16	NA
4	9	1998
NA	15	NA
2	6	1997
NA	15	NA
4	2	1980
NA	6	NA
NA	13	NA
4	2	1998
NA	17	NA
4	11	1941
NA	14	NA
4	6	1971
NA	18	NA
4	13	1987
NA	15	NA
2	9	1995
NA	15	NA
2	9	1996
NA	14	NA
4	6	1989
4	16	1985
2	9	1997
2	3	1995
NA	5	NA
NA	10	NA
4	12	1986
4	2	1993
NA	3	NA
NA	5	NA
NA	16	NA
2	6	1996
NA	15	NA
4	9	1994
2	9	1995
2	6	1996
NA	9	NA
4	2	1997
NA	3	NA
4	9	1993
2	16	1995
NA	17	NA
2	9	1996
4	6	1998
2	8	1996
2	2	1995
NA	3	NA
NA	9	NA
NA	15	NA
2	9	1995
4	9	1938
2	8	1995
4	6	1993
2	3	1997
NA	5	NA
2	9	1997
NA	15	NA
4	9	1966
4	6	1994
NA	15	NA
4	9	1939
NA	15	NA
NA	18	NA
2	8	1996
2	6	1995
2	9	1996
2	3	1995
NA	5	NA
2	12	1996
NA	17	NA
2	3	1995
NA	5	NA
4	12	1945
2	8	1995
2	9	1997
2	12	1995
4	12	1980
4	2	1998
NA	14	NA
NA	17	NA
4	2	1998
NA	17	NA
2	14	1997
NA	17	NA
2	2	1995
NA	7	NA
NA	9	NA
2	12	1995
2	7	1997
2	7	1995
NA	17	NA
4	9	1994
2	2	1996
NA	3	NA
NA	7	NA
4	6	1982
NA	13	NA
4	9	1991
NA	13	NA
4	9	1979
NA	18	NA
2	9	1995
NA	15	NA
2	9	1996
2	5	1997
NA	9	NA
NA	10	NA
4	17	1935
2	7	1997
NA	17	NA
4	6	1994
2	2	1996
NA	3	NA
2	2	1996
NA	3	NA
NA	6	NA
NA	13	NA
NA	17	NA
4	2	1994
NA	6	NA
2	9	1997
2	2	1995
2	12	1995
4	2	1997
NA	6	NA
4	6	1994
2	2	1996
NA	17	NA
4	2	1993
NA	7	NA
NA	15	NA
4	9	1987
NA	15	NA
4	15	1994
NA	18	NA
4	2	1998
NA	9	NA
4	12	1983
2	9	1997
NA	15	NA
4	2	1997
NA	9	NA
4	7	1939
NA	9	NA
4	2	1981
NA	3	NA
NA	16	NA
NA	17	NA
4	7	1960
NA	17	NA
2	8	1995
4	2	1997
NA	16	NA
2	9	1996
2	6	1997
2	6	1996
4	6	1994
NA	9	NA
2	9	1996
2	9	1996
2	16	1995
4	9	1998
NA	17	NA
2	6	1996
NA	9	NA
2	2	1996
NA	14	NA
NA	17	NA
2	9	1997
2	9	1996
4	6	1974
NA	12	NA
4	13	1958
2	5	1996
NA	9	NA
NA	10	NA
4	6	1971
4	12	1998
2	6	1996
4	9	1936
2	9	1995
NA	15	NA
2	9	1997
4	12	1992
4	2	1997
NA	9	NA
NA	15	NA
4	9	1986
2	9	1997
NA	18	NA
4	17	1990
2	3	1997
NA	5	NA
2	15	1997
2	6	1995
4	9	1994
NA	17	NA
4	10	1987
2	6	1996
NA	15	NA
2	6	1996
2	6	1996
NA	9	NA
2	15	1997
2	9	1996
2	9	1995
4	2	1979
NA	12	NA
NA	16	NA
NA	17	NA
2	9	1997
2	5	1995
4	6	1993
4	9	1951
NA	16	NA
2	9	1996
2	6	1996
4	9	1989
4	6	1994
4	15	1994
4	6	1994
NA	15	NA
2	15	1995
4	2	1997
NA	3	NA
NA	16	NA
NA	18	NA
4	2	1993
NA	3	NA
NA	16	NA
2	9	1996
2	6	1997
2	6	1996
NA	9	NA
2	5	1997
NA	6	NA
4	6	1987
NA	9	NA
NA	15	NA
4	9	1994
2	6	1996
4	2	1994
4	12	1968
2	9	1995
NA	15	NA
4	11	1998
NA	16	NA
NA	17	NA
4	5	1975
NA	6	NA
NA	19	NA
4	2	1981
NA	12	NA
2	6	1997
4	2	1983
NA	12	NA
4	6	1994
NA	9	NA
4	8	1994
2	6	1996
NA	9	NA
4	6	1936
4	9	1998
NA	15	NA
4	2	1994
NA	17	NA
2	6	1995
2	2	1995
4	4	1951
NA	5	NA
NA	13	NA
4	6	1957
NA	13	NA
4	6	1998
NA	15	NA
4	4	1993
NA	6	NA
2	6	1995
NA	15	NA
2	9	1995
4	8	1994
NA	9	NA
2	9	1996
NA	15	NA
2	9	1997
4	9	1994
4	9	1994
NA	15	NA
NA	18	NA
NA	19	NA
2	9	1997
2	9	1995
4	9	1986
2	6	1997
4	9	1991
2	9	1996
4	6	1994
NA	16	NA
2	2	1995
NA	3	NA
NA	17	NA
2	8	1997
2	9	1996
NA	15	NA
2	12	1997
NA	17	NA
2	9	1997
4	5	1959
NA	6	NA
2	6	1997
4	2	1992
NA	7	NA
NA	9	NA
4	6	1950
4	19	1955
2	14	1995
NA	17	NA
2	4	1995
NA	5	NA
4	12	1998
2	6	1996
4	9	1994
2	6	1997
NA	7	NA
2	6	1996
2	15	1997
4	3	1975
NA	5	NA
NA	10	NA
2	6	1996
NA	9	NA
4	19	1943
4	9	1941
NA	15	NA
4	9	1990
4	3	1986
NA	6	NA
NA	9	NA
2	7	1997
2	3	1995
NA	5	NA
NA	9	NA
4	9	1993
2	9	1996
4	6	1998
4	3	1998
NA	16	NA
NA	17	NA
4	2	1992
4	7	1990
NA	9	NA
NA	11	NA
2	2	1995
NA	3	NA
NA	16	NA
4	9	1994
4	5	1964
NA	6	NA
NA	13	NA
2	9	1996
4	9	1989
2	6	1997
2	6	1995
NA	15	NA
4	2	1991
NA	3	NA
NA	16	NA
2	15	1997
4	2	1994
NA	17	NA
4	6	1974
2	6	1997
2	9	1996
4	12	1976
4	19	1994
4	9	1994
4	9	1994
2	9	1997
4	2	1997
2	7	1997
NA	17	NA
2	6	1996
4	6	1993
2	9	1996
NA	17	NA
2	9	1995
NA	16	NA
2	2	1996
NA	9	NA
NA	18	NA
4	9	1992
2	2	1995
NA	3	NA
NA	16	NA
4	9	1998
4	6	1994
4	12	1991
